Days              : 0
Hours             : 0
Minutes           : 23
Seconds           : 23
Milliseconds      : 365
Ticks             : 14033652268
TotalDays         : 0.016242653087963
TotalHours        : 0.389823674111111
TotalMinutes      : 23.3894204466667
TotalSeconds      : 1403.3652268
TotalMilliseconds : 1403365.2268

expr_1.rkt
Days              : 0
Hours             : 0
Minutes           : 17
Seconds           : 34
Milliseconds      : 554
Ticks             : 10545540679
TotalDays         : 0.0122054868969907
TotalHours        : 0.292931685527778
TotalMinutes      : 17.5759011316667
TotalSeconds      : 1054.5540679
TotalMilliseconds : 1054554.0679

expr_2.rkt
Days              : 0
Hours             : 0
Minutes           : 35
Seconds           : 19
Milliseconds      : 590
Ticks             : 21195908476
TotalDays         : 0.0245323014768519
TotalHours        : 0.588775235444444
TotalMinutes      : 35.3265141266667
TotalSeconds      : 2119.5908476
TotalMilliseconds : 2119590.8476